   0  64.09
   0.001  60.5551963842101
   0.002  57.2642288247674
   0.003  54.199964962758
   0.004  51.3464777837448
   0.005  48.6889608079498
   0.006  46.2136492478202
   0.007  43.9077467131017
   0.008  41.7593570730851
   0.009  39.757421113158
   0.01  37.8916576483236
   0.011  36.1525087800869
   0.012  34.5310890051716
   0.013  33.0191379050455
   0.014  31.6089761643031
   0.015  30.2934646836777
   0.016  29.0659665699409
   0.017  27.9203118002657
   0.018  26.8507643728715
   0.019  25.8519917690126
   0.02  24.9190365636788
   0.021  24.0472900338205
   0.022  23.2324676235488
   0.023  22.4705861356501
   0.024  21.7579425279477
   0.025  21.0910942015917
   0.026  20.4668406762999
   0.027  19.8822065549635
   0.028  19.3344256868936
   0.029  18.8209264453704
   0.03  18.339318041091
   0.031  17.8873777986267
   0.032  17.4630393281322
   0.033  17.0643815293138
   0.034  16.689618369097
   0.035  16.337089378556
   0.036  16.0052508184948
   0.037  15.6926674666334
   0.038  15.3980049826606
   0.039  15.120022810495
   0.04  14.8575675799542
   0.041  14.6095669726926
   0.042  14.3750240197418
   0.043  14.1530118002855
   0.044  13.9426685134349
   0.045  13.7431928967631
   0.046  13.553839967197
   0.047  13.3739170615858
   0.048  13.2027801558614
   0.049  13.0398304431864
   0.05  12.8845111528691
   0.051  12.7363045931026
   0.052  12.5947294017804
   0.053  12.4593379907483
   0.054  12.3297141698802
   0.055  12.2054709383276
   0.056  12.0862484311777
   0.057  11.9717120105869
   0.058  11.8615504912234
   0.059  11.7554744905689
   0.06  11.653214895294
   0.061  11.55452143554
   0.062  11.4591613595151
   0.063  11.3669182013457
   0.064  11.2775906356229
   0.065  11.1909914125417
   0.066  11.106946367965
   0.067  11.0252935031383
   0.068  10.9458821291555
   0.069  10.86857207162
   0.07  10.7932329312643
   0.071  10.7197433965927
   0.072  10.6479906048845
   0.073  10.5778695481574
   0.074  10.5092825209248
   0.075  10.4421386068093
   0.076  10.376353201276
   0.077  10.3118475679454
   0.078  10.2485484261225
   0.079  10.1863875673471
   0.08  10.1253014989206
   0.081  10.0652311125146
   0.082  10.0061213760936
   0.083  9.94792104751274
   0.084  9.89058240826584
   0.085  9.83406101596474
   0.086  9.77831547423302
   0.087  9.72330721878827
   0.088  9.66900031857407
   0.089  9.61536129088262
   0.09  9.56235892948376
   0.091  9.50996414484518
   0.092  9.458149815593
   0.093  9.40689065042197
   0.094  9.35616305971991
   0.095  9.30594503622297
   0.096  9.25621604406632
   0.097  9.2069569156394
   0.098  9.15814975569685
   0.099  9.10977785221432
   0.1  9.06182559351485
   0.101  9.01427839122442
   0.102  8.96712260864665
   0.103  8.92034549417528
   0.104  8.87393511939006
   0.105  8.82788032150638
   0.106  8.78217064987252
   0.107  8.7367963162295
   0.108  8.691748148469
   0.109  8.64701754764307
   0.11  8.60259644799693
   0.111  8.55847727981215
   0.112  8.51465293486242
   0.113  8.47111673429815
   0.114  8.42786239878901
   0.115  8.38488402076545
   0.116  8.34217603861172
   0.117  8.29973321267284
   0.118  8.25755060294808
   0.119  8.21562354835228
   0.12  8.17394764743452
   0.121  8.13251874045189
   0.122  8.09133289270278
   0.123  8.05038637903118
   0.124  8.00967566941965
   0.125  7.9691974155942
   0.126  7.92894843857015
   0.127  7.88892571707246
   0.128  7.84912637676926
   0.129  7.80954768026132
   0.13  7.77018701777405
   0.131  7.73104189850305
   0.132  7.69210994256673
   0.133  7.65338887352371
   0.134  7.61487651141505
   0.135  7.57657076629435
   0.136  7.53846963221166
   0.137  7.50057118161894
   0.138  7.46287356016767
   0.139  7.42537498187095
   0.14  7.38807372460438
   0.141  7.35096812592197
   0.142  7.31405657916496
   0.143  7.27733752984278
   0.144  7.24080947226723
   0.145  7.20447094642189
   0.146  7.16832053505032
   0.147  7.1323568609476
   0.148  7.09657858444095
   0.149  7.06098440104618
   0.15  7.02557303928741
   0.151  6.99034325866891
   0.152  6.95529384778799
   0.153  6.92042362257929
   0.154  6.8857314246812
   0.155  6.85121611991564
   0.156  6.81687659687347
   0.157  6.78271176559795
   0.158  6.74872055635943
   0.159  6.71490191851477
   0.16  6.68125481944571
   0.161  6.64777824357042
   0.162  6.61447119142325
   0.163  6.58133267879784
   0.164  6.54836173594911
   0.165  6.51555740685009
   0.166  6.4829187484995
   0.167  6.45044483027693
   0.168  6.41813473334179
   0.169  6.38598755007336
   0.17  6.35400238354884
   0.171  6.32217834705675
   0.172  6.29051456364331
   0.173  6.25901016568935
   0.174  6.22766429451569
   0.175  6.196476100015
   0.176  6.1654447403082
   0.177  6.13456938142381
   0.178  6.10384919699849
   0.179  6.07328336799742
   0.18  6.04287108245308
   0.181  6.01261153522106
   0.182  5.9825039277519
   0.183  5.95254746787761
   0.184  5.92274136961204
   0.185  5.89308485296399
   0.186  5.86357714376228
   0.187  5.83421747349185
   0.188  5.80500507914018
   0.189  5.7759392030533
   0.19  5.74701909280068
   0.191  5.71824400104846
   0.192  5.68961318544039
   0.193  5.6611259084859
   0.194  5.6327814374549
   0.195  5.60457904427879
   0.196  5.57651800545722
   0.197  5.54859760197028
   0.198  5.52081711919569
   0.199  5.49317584683059
   0.2  5.46567307881779
   0.201  5.43830811327593
   0.202  5.41108025243353
   0.203  5.38398880256645
   0.204  5.35703307393865
   0.205  5.33021238074599
   0.206  5.30352604106284
   0.207  5.27697337679138
   0.208  5.25055371361328
   0.209  5.22426638094377
   0.21  5.19811071188771
   0.211  5.17208604319779
   0.212  5.14619171523449
   0.213  5.12042707192783
   0.214  5.09479146074068
   0.215  5.06928423263359
   0.216  5.0439047420311
   0.217  5.01865234678923
   0.218  4.99352640816431
   0.219  4.96852629078288
   0.22  4.9436513626127
   0.221  4.91890099493476
   0.222  4.89427456231619
   0.223  4.86977144258404
   0.224  4.84539101679995
   0.225  4.82113266923551
   0.226  4.79699578734835
   0.227  4.77297976175893
   0.228  4.74908398622792
   0.229  4.72530785763418
   0.23  4.70165077595335
   0.231  4.67811214423686
   0.232  4.65469136859149
   0.233  4.63138785815939
   0.234  4.6082010250985
   0.235  4.58513028456339
   0.236  4.5621750546865
   0.237  4.5393347565597
   0.238  4.51660881421623
   0.239  4.49399665461294
   0.24  4.47149770761281
   0.241  4.44911140596782
   0.242  4.42683718530201
   0.243  4.40467448409486
   0.244  4.38262274366489
   0.245  4.36068140815346
   0.246  4.33884992450886
   0.247  4.31712774247054
   0.248  4.29551431455357
   0.249  4.27400909603327
   0.25  4.25261154493004
   0.251  4.23132112199439
   0.252  4.21013729069201
   0.253  4.18905951718918
   0.254  4.16808727033817
   0.255  4.14722002166287
   0.256  4.12645724534456
   0.257  4.10579841820775
   0.258  4.0852430197062
   0.259  4.06479053190907
   0.26  4.04444043948717
   0.261  4.0241922296993
   0.262  4.00404539237875
   0.263  3.98399941991987
   0.264  3.96405380726479
   0.265  3.94420805189015
   0.266  3.92446165379405
   0.267  3.90481411548301
   0.268  3.88526494195902
   0.269  3.86581364070675
   0.27  3.84645972168079
   0.271  3.82720269729297
   0.272  3.8080420823998
   0.273  3.78897739429
   0.274  3.77000815267205
   0.275  3.75113387966186
   0.276  3.73235409977056
   0.277  3.71366833989225
   0.278  3.69507612929195
   0.279  3.67657699959354
   0.28  3.65817048476778
   0.281  3.63985612112048
   0.282  3.62163344728062
   0.283  3.6035020041886
   0.284  3.5854613350846
   0.285  3.56751098549691
   0.286  3.54965050323042
   0.287  3.53187943835508
   0.288  3.51419734319454
   0.289  3.4966037723147
   0.29  3.47909828251253
   0.291  3.4616804328047
   0.292  3.44434978441651
   0.293  3.42710590077073
   0.294  3.40994834747651
   0.295  3.39287669231847
   0.296  3.37589050524568
   0.297  3.35898935836081
   0.298  3.34217282590932
   0.299  3.32544048426867
   0.3  3.30879191193763
   0.301  3.29222668952562
   0.302  3.2757443997421
   0.303  3.25934462738606
   0.304  3.2430269593355
   0.305  3.22679098453701
   0.306  3.21063629399538
   0.307  3.19456248076332
   0.308  3.1785691399311
   0.309  3.16265586861644
   0.31  3.14682226595423
   0.311  3.13106793308652
   0.312  3.11539247315237
   0.313  3.09979549127791
   0.314  3.08427659456631
   0.315  3.06883539208793
   0.316  3.05347149487043
   0.317  3.03818451588896
   0.318  3.02297407005641
   0.319  3.00783977421371
   0.32  2.99278124712013
   0.321  2.97779810944373
   0.322  2.96288998375172
   0.323  2.94805649450102
   0.324  2.93329726802873
   0.325  2.91861193254279
   0.326  2.90400011811249
   0.327  2.88946145665929
   0.328  2.8749955819474
   0.329  2.86060212957467
   0.33  2.84628073696333
   0.331  2.83203104335089
   0.332  2.81785268978102
   0.333  2.80374531909453
   0.334  2.78970857592036
   0.335  2.77574210666663
   0.336  2.76184555951172
   0.337  2.74801858439541
   0.338  2.73426083301005
   0.339  2.72057195879181
   0.34  2.70695161691193
   0.341  2.69339946426803
   0.342  2.67991515947546
   0.343  2.66649836285871
   0.344  2.65314873644287
   0.345  2.63986594394506
   0.346  2.62664965076601
   0.347  2.61349952398162
   0.348  2.60041523233455
   0.349  2.58739644622589
   0.35  2.57444283770686
   0.351  2.56155408047054
   0.352  2.54872984984365
   0.353  2.53596982277837
   0.354  2.52327367784422
   0.355  2.51064109521993
   0.356  2.4980717566854
   0.357  2.48556534561368
   0.358  2.47312154696302
   0.359  2.46074004726889
   0.36  2.44842053463609
   0.361  2.43616269873093
   0.362  2.42396623077338
   0.363  2.4118308235293
   0.364  2.39975617130269
   0.365  2.387741969928
   0.366  2.37578791676249
   0.367  2.36389371067855
   0.368  2.35205905205616
   0.369  2.34028364277533
   0.37  2.32856718620858
   0.371  2.3169093872135
   0.372  2.30530995212526
   0.373  2.29376858874926
   0.374  2.28228500635374
   0.375  2.2708589156625
   0.376  2.25949002884755
   0.377  2.2481780595219
   0.378  2.23692272273234
   0.379  2.22572373495225
   0.38  2.21458081407449
   0.381  2.20349367940423
   0.382  2.19246205165197
   0.383  2.18148565292641
   0.384  2.1705642067275
   0.385  2.1596974379395
   0.386  2.14888507282397
   0.387  2.13812683901296
   0.388  2.1274224655021
   0.389  2.11677168264377
   0.39  2.10617422214034
   0.391  2.09562981703738
   0.392  2.08513820171695
   0.393  2.07469911189093
   0.394  2.0643122845943
   0.395  2.05397745817858
   0.396  2.04369437230521
   0.397  2.03346276793899
   0.398  2.02328238734158
   0.399  2.01315297406496
   0.4  2.00307427294503
   0.401  1.99304603009511
   0.402  1.98306799289963
   0.403  1.97313991000768
   0.404  1.96326153132676
   0.405  1.9534326080164
   0.406  1.94365289248197
   0.407  1.93392213836837
   0.408  1.92424010055387
   0.409  1.91460653514395
   0.41  1.90502119946509
   0.411  1.89548385205873
   0.412  1.88599425267512
   0.413  1.87655216226733
   0.414  1.8671573429852
   0.415  1.85780955816934
   0.416  1.84850857234518
   0.417  1.83925415121703
   0.418  1.8300460616622
   0.419  1.82088407172509
   0.42  1.81176795061139
   0.421  1.80269746868223
   0.422  1.79367239744842
   0.423  1.78469250956468
   0.424  1.77575757882391
   0.425  1.76686738015151
   0.426  1.7580216895997
   0.427  1.74922028434186
   0.428  1.74046294266696
   0.429  1.73174944397394
   0.43  1.72307956876615
   0.431  1.71445309864586
   0.432  1.7058698163087
   0.433  1.69732950553824
   0.434  1.68883195120053
   0.435  1.68037693923864
   0.436  1.67196425666733
   0.437  1.66359369156764
   0.438  1.65526503308157
   0.439  1.64697807140677
   0.44  1.63873259779124
   0.441  1.63052840452809
   0.442  1.6223652849503
   0.443  1.6142430334255
   0.444  1.60616144535082
   0.445  1.5981203171477
   0.446  1.59011944625681
   0.447  1.58215863113289
   0.448  1.57423767123971
   0.449  1.56635636704501
   0.45  1.55851452001549
   0.451  1.55071193261176
   0.452  1.54294840828343
   0.453  1.53522375146409
   0.454  1.52753776756646
   0.455  1.5198902629774
   0.456  1.51228104505313
   0.457  1.50470992211428
   0.458  1.49717670344114
   0.459  1.48968119926881
   0.46  1.48222322078244
   0.461  1.47480258011246
   0.462  1.46741909032987
   0.463  1.4600725654415
   0.464  1.45276282038535
   0.465  1.44548967102591
   0.466  1.43825293414954
   0.467  1.43105242745985
   0.468  1.4238879695731
   0.469  1.41675938001361
   0.47  1.40966647920927
   0.471  1.40260908848698
   0.472  1.39558703006814
   0.473  1.38860012706419
   0.474  1.38164820347215
   0.475  1.3747310841702
   0.476  1.36784859491323
   0.477  1.36100056232849
   0.478  1.35418681391121
   0.479  1.34740717802024
   0.48  1.34066148387375
   0.481  1.33394956154491
   0.482  1.32727124195762
   0.483  1.32062635688224
   0.484  1.31401473893137
   0.485  1.30743622155563
   0.486  1.30089063903942
   0.487  1.29437782649683
   0.488  1.2878976198674
   0.489  1.28144985591205
   0.49  1.27503437220894
   0.491  1.26865100714937
   0.492  1.26229959993374
   0.493  1.25597999056747
   0.494  1.24969201985699
   0.495  1.24343552940572
   0.496  1.23721036161006
   0.497  1.23101635965547
   0.498  1.22485336751247
   0.499  1.21872122993273
   0.5  1.21261979244519
   0.501  1.20654890135209
   0.502  1.20050840372519
   0.503  1.19449814740184
   0.504  1.1885179809812
   0.505  1.18256775382041
   0.506  1.17664731603078
   0.507  1.17075651847403
   0.508  1.16489521275853
   0.509  1.15906325123556
   0.51  1.15326048699561
   0.511  1.14748677386464
   0.512  1.14174196640042
   0.513  1.13602591988887
   0.514  1.13033849034043
   0.515  1.12467953448639
   0.516  1.1190489097753
   0.517  1.11344647436939
   0.518  1.10787208714101
   0.519  1.10232560766903
   0.52  1.09680689623534
   0.521  1.09131581382131
   0.522  1.08585222210431
   0.523  1.08041598345419
   0.524  1.07500696092985
   0.525  1.06962501827579
   0.526  1.06427001991863
   0.527  1.05894183096375
   0.528  1.05364031719187
   0.529  1.04836534505566
   0.53  1.04311678167639
   0.531  1.03789449484057
   0.532  1.03269835299664
   0.533  1.02752822525164
   0.534  1.02238398136791
   0.535  1.0172654917598
   0.536  1.01217262749046
   0.537  1.00710526026853
   0.538  1.00206326244492
   0.539  0.997046507009627
   0.54  0.992054867588502
   0.541  0.987088218440082
   0.542  0.982146434452422
   0.543  0.977229391139934
   0.544  0.972336964640265
   0.545  0.967469031711166
   0.546  0.962625469727391
   0.547  0.95780615667761
   0.548  0.953010971161332
   0.549  0.948239792385849
   0.55  0.943492500163193
   0.551  0.938768974907109
   0.552  0.93406909763004
   0.553  0.929392749940132
   0.554  0.924739814038252
   0.555  0.920110172715019
   0.556  0.915503709347851
   0.557  0.91092030789803
   0.558  0.906359852907776
   0.559  0.901822229497341
   0.56  0.897307323362112
   0.561  0.892815020769737
   0.562  0.888345208557252
   0.563  0.883897774128239
   0.564  0.879472605449983
   0.565  0.875069591050655
   0.566  0.870688620016497
   0.567  0.866329581989039
   0.568  0.861992367162307
   0.569  0.857676866280066
   0.57  0.85338297063306
   0.571  0.849110572056282
   0.572  0.844859562926245
   0.573  0.840629836158267
   0.574  0.836421285203782
   0.575  0.832233804047648
   0.576  0.828067287205484
   0.577  0.823921629721003
   0.578  0.819796727163381
   0.579  0.815692475624612
   0.58  0.811608771716903
   0.581  0.807545512570061
   0.582  0.803502595828908
   0.583  0.799479919650698
   0.584  0.795477382702551
   0.585  0.791494884158907
   0.586  0.787532323698978
   0.587  0.783589601504227
   0.588  0.779666618255849
   0.589  0.775763275132273
   0.59  0.771879473806671
   0.591  0.768015116444479
   0.592  0.764170105700935
   0.593  0.760344344718629
   0.594  0.756537737125057
   0.595  0.752750187030199
   0.596  0.7489815990241
   0.597  0.745231878174469
   0.598  0.741500930024285
   0.599  0.737788660589421
   0.6  0.734094976356272
   0.601  0.730419784279405
   0.602  0.726762991779209
   0.603  0.723124506739569
   0.604  0.71950423750554
   0.605  0.715902092881042
   0.606  0.712317982126561
   0.607  0.708751814956864
   0.608  0.705203501538723
   0.609  0.701672952488655
   0.61  0.698160078870669
   0.611  0.694664792194023
   0.612  0.691187004411001
   0.613  0.687726627914688
   0.614  0.684283575536767
   0.615  0.680857760545326
   0.616  0.677449096642666
   0.617  0.674057497963133
   0.618  0.670682879070951
   0.619  0.667325154958076
   0.62  0.663984241042047
   0.621  0.660660053163859
   0.622  0.657352507585843
   0.623  0.654061520989559
   0.624  0.650787010473691
   0.625  0.647528893551964
   0.626  0.644287088151064
   0.627  0.641061512608573
   0.628  0.637852085670907
   0.629  0.634658726491272
   0.63  0.63148135462763
   0.631  0.628319890040668
   0.632  0.625174253091786
   0.633  0.622044364541085
   0.634  0.618930145545378
   0.635  0.615831517656201
   0.636  0.612748402817833
   0.637  0.609680723365337
   0.638  0.606628402022596
   0.639  0.603591361900374
   0.64  0.600569526494371
   0.641  0.597562819683305
   0.642  0.594571165726985
   0.643  0.591594489264411
   0.644  0.588632715311871
   0.645  0.585685769261052
   0.646  0.582753576877164
   0.647  0.579836064297068
   0.648  0.576933158027413
   0.649  0.574044784942791
   0.65  0.571170872283886
   0.651  0.56831134765565
   0.652  0.565466139025474
   0.653  0.562635174721375
   0.654  0.55981838343019
   0.655  0.557015694195781
   0.656  0.554227036417247
   0.657  0.551452339847143
   0.658  0.548691534589715
   0.659  0.545944551099135
   0.66  0.543211320177752
   0.661  0.54049177297435
   0.662  0.537785840982406
   0.663  0.535093456038376
   0.664  0.532414550319967
   0.665  0.529749056344437
   0.666  0.527096906966888
   0.667  0.524458035378581
   0.668  0.521832375105247
   0.669  0.519219860005417
   0.67  0.516620424268756
   0.671  0.514034002414401
   0.672  0.511460529289315
   0.673  0.508899940066644
   0.674  0.506352170244087
   0.675  0.503817155642267
   0.676  0.501294832403118
   0.677  0.498785136988273
   0.678  0.496288006177465
   0.679  0.493803377066936
   0.68  0.491331187067851
   0.681  0.48887137390472
   0.682  0.486423875613831
   0.683  0.483988630541691
   0.684  0.481565577343466
   0.685  0.479154654981445
   0.686  0.476755802723495
   0.687  0.474368960141536
   0.688  0.471994067110014
   0.689  0.469631063804391
   0.69  0.467279890699636
   0.691  0.464940488568725
   0.692  0.462612798481151
   0.693  0.460296761801436
   0.694  0.457992320187659
   0.695  0.455699415589981
   0.696  0.453417990249186
   0.697  0.451147986695226
   0.698  0.448889347745772
   0.699  0.446642016504774
   0.7  0.444405936361027
   0.701  0.442181050986748
   0.702  0.439967304336153
   0.703  0.437764640644048
   0.704  0.435573004424422
   0.705  0.433392340469053
   0.706  0.431222593846112
   0.707  0.429063709898785
   0.708  0.42691563424389
   0.709  0.424778312770514
   0.71  0.422651691638643
   0.711  0.420535717277812
   0.712  0.41843033638575
   0.713  0.416335495927042
   0.714  0.414251143131788
   0.715  0.41217722549428
   0.716  0.410113690771675
   0.717  0.408060486982677
   0.718  0.406017562406234
   0.719  0.403984865580231
   0.72  0.401962345300193
   0.721  0.399949950617997
   0.722  0.397947630840588
   0.723  0.395955335528702
   0.724  0.393973014495596
   0.725  0.392000617805783
   0.726  0.390038095773773
   0.727  0.388085398962825
   0.728  0.386142478183697
   0.729  0.384209284493411
   0.73  0.382285769194018
   0.731  0.380371883831371
   0.732  0.378467580193906
   0.733  0.376572810311426
   0.734  0.374687526453893
   0.735  0.372811681130228
   0.736  0.370945227087109
   0.737  0.369088117307787
   0.738  0.367240305010898
   0.739  0.365401743649286
   0.74  0.363572386908828
   0.741  0.361752188707272
   0.742  0.359941103193072
   0.743  0.358139084744233
   0.744  0.356346087967165
   0.745  0.354562067695537
   0.746  0.352786978989141
   0.747  0.351020777132757
   0.748  0.349263417635029
   0.749  0.347514856227344
   0.75  0.345775048862717
   0.751  0.34404395171468
   0.752  0.342321521176179
   0.753  0.340607713858477
   0.754  0.338902486590058
   0.755  0.33720579641554
   0.756  0.335517600594597
   0.757  0.333837856600876
   0.758  0.332166522120932
   0.759  0.330503555053158
   0.76  0.328848913506723
   0.761  0.327202555800524
   0.762  0.325564440462128
   0.763  0.323934526226731
   0.764  0.32231277203612
   0.765  0.320699137037636
   0.766  0.319093580583144
   0.767  0.317496062228013
   0.768  0.315906541730095
   0.769  0.314324979048711
   0.77  0.312751334343641
   0.771  0.311185567974125
   0.772  0.309627640497859
   0.773  0.308077512670007
   0.774  0.306535145442205
   0.775  0.305000499961586
   0.776  0.303473537569794
   0.777  0.301954219802015
   0.778  0.300442508386005
   0.779  0.298938365241129
   0.78  0.297441752477398
   0.781  0.295952632394516
   0.782  0.294470967480934
   0.783  0.292996720412898
   0.784  0.291529854053514
   0.785  0.290070331451812
   0.786  0.288618115841814
   0.787  0.287173170641607
   0.788  0.285735459452423
   0.789  0.284304946057723
   0.79  0.282881594422282
   0.791  0.281465368691284
   0.792  0.280056233189416
   0.793  0.278654152419971
   0.794  0.277259091063955
   0.795  0.275871013979195
   0.796  0.274489886199455
   0.797  0.273115672933553
   0.798  0.27174833956449
   0.799  0.270387851648571
   0.8  0.269034174914544
   0.801  0.26768727526273
   0.802  0.266347118764171
   0.803  0.265013671659768
   0.804  0.263686900359439
   0.805  0.262366771441264
   0.806  0.261053251650651
   0.807  0.25974630789949
   0.808  0.25844590726533
   0.809  0.257152016990539
   0.81  0.255864604481486
   0.811  0.254583637307717
   0.812  0.253309083201139
   0.813  0.252040910055206
   0.814  0.250779085924112
   0.815  0.249523579021984
   0.816  0.248274357722085
   0.817  0.247031390556013
   0.818  0.24579464621291
   0.819  0.244564093538675
   0.82  0.243339701535175
   0.821  0.242121439359471
   0.822  0.240909276323033
   0.823  0.239703181890974
   0.824  0.238503125681274
   0.825  0.237309077464022
   0.826  0.236121007160649
   0.827  0.234938884843172
   0.828  0.23376268073344
   0.829  0.232592365202385
   0.83  0.231427908769276
   0.831  0.230269282100971
   0.832  0.229116456011186
   0.833  0.227969401459755
   0.834  0.226828089551899
   0.835  0.225692491537498
   0.836  0.224562578810368
   0.837  0.22343832290754
   0.838  0.222319695508543
   0.839  0.221206668434689
   0.84  0.220099213648366
   0.841  0.21899730325233
   0.842  0.217900909489001
   0.843  0.216810004739766
   0.844  0.215724561524285
   0.845  0.214644552499792
   0.846  0.213569950460413
   0.847  0.212500728336479
   0.848  0.211436859193841
   0.849  0.210378316233196
   0.85  0.209325072789408
   0.851  0.208277102330839
   0.852  0.20723437845868
   0.853  0.206196874906283
   0.854  0.205164565538507
   0.855  0.20413742435105
   0.856  0.2031154254698
   0.857  0.202098543150183
   0.858  0.201086751776513
   0.859  0.200080025861346
   0.86  0.199078340044839
   0.861  0.198081669094112
   0.862  0.197089987902612
   0.863  0.196103271489479
   0.864  0.195121494998917
   0.865  0.194144633699571
   0.866  0.193172662983901
   0.867  0.192205558367562
   0.868  0.191243295488787
   0.869  0.190285850107778
   0.87  0.189333198106089
   0.871  0.188385315486021
   0.872  0.187442178370018
   0.873  0.186503763000068
   0.874  0.185570045737097
   0.875  0.184641003060383
   0.876  0.183716611566954
   0.877  0.182796847971007
   0.878  0.181881689103317
   0.879  0.180971111910653
   0.88  0.180065093455197
   0.881  0.179163610913971
   0.882  0.178266641578256
   0.883  0.177374162853023
   0.884  0.176486152256365
   0.885  0.175602587418925
   0.886  0.174723446083341
   0.887  0.173848706103678
   0.888  0.172978345444875
   0.889  0.172112342182185
   0.89  0.171250674500629
   0.891  0.17039332069444
   0.892  0.169540259166523
   0.893  0.168691468427902
   0.894  0.16784692709719
   0.895  0.167006613900039
   0.896  0.166170507668613
   0.897  0.16533858734105
   0.898  0.164510831960933
   0.899  0.16368722067676
   0.9  0.162867732741423
   0.901  0.162052347511681
   0.902  0.161241044447643
   0.903  0.160433803112249
   0.904  0.159630603170756
   0.905  0.158831424390224
   0.906  0.15803624663901
   0.907  0.157245049886257
   0.908  0.156457814201391
   0.909  0.155674519753619
   0.91  0.154895146811431
   0.911  0.154119675742098
   0.912  0.153348087011185
   0.913  0.152580361182051
   0.914  0.151816478915365
   0.915  0.151056420968617
   0.916  0.150300168195632
   0.917  0.14954770154609
   0.918  0.148799002065044
   0.919  0.148054050892446
   0.92  0.147312829262666
   0.921  0.146575318504025
   0.922  0.145841500038322
   0.923  0.145111355380365
   0.924  0.144384866137509
   0.925  0.143662014009189
   0.926  0.142942780786461
   0.927  0.142227148351542
   0.928  0.141515098677355
   0.929  0.140806613827073
   0.93  0.140101675953671
   0.931  0.139400267299472
   0.932  0.1387023701957
   0.933  0.13800796706204
   0.934  0.137317040406189
   0.935  0.136629572823418
   0.936  0.135945546996135
   0.937  0.135264945693446
   0.938  0.134587751770723
   0.939  0.133913948169169
   0.94  0.133243517915394
   0.941  0.132576444120983
   0.942  0.131912709982069
   0.943  0.131252298778916
   0.944  0.130595193875492
   0.945  0.129941378719052
   0.946  0.129290836839722
   0.947  0.128643551850083
   0.948  0.127999507444758
   0.949  0.127358687400001
   0.95  0.126721075573292
   0.951  0.126086655902924
   0.952  0.125455412407602
   0.953  0.124827329186043
   0.954  0.124202390416569
   0.955  0.123580580356714
   0.956  0.122961883342826
   0.957  0.122346283789672
   0.958  0.121733766190042
   0.959  0.121124315114366
   0.96  0.120517915210318
   0.961  0.119914551202434
   0.962  0.119314207891726
   0.963  0.118716870155296
   0.964  0.118122522945959
   0.965  0.117531151291864
   0.966  0.116942740296114
   0.967  0.116357275136392
   0.968  0.115774741064589
   0.969  0.11519512340643
   0.97  0.114618407561107
   0.971  0.114044579000908
   0.972  0.113473623270855
   0.973  0.112905525988336
   0.974  0.112340272842747
   0.975  0.111777849595125
   0.976  0.111218242077798
   0.977  0.11066143619402
   0.978  0.110107417917619
   0.979  0.109556173292648
   0.98  0.109007688433024
   0.981  0.108461949522188
   0.982  0.107918942812751
   0.983  0.107378654626149
   0.984  0.106841071352299
   0.985  0.106306179449255
   0.986  0.10577396544287
   0.987  0.105244415926452
   0.988  0.104717517560429
   0.989  0.104193257072015
   0.99  0.103671621254869
   0.991  0.10315259696877
   0.992  0.102636171139282
   0.993  0.102122330757424
   0.994  0.101611062879344
   0.995  0.101102354625993
   0.996  0.100596193182798
   0.997  0.100092565799345
   0.998  0.0995914597890508
   0.999  0.0990928625288474
   1  0.0985967614588636
